    -1.46619     0.437689     0.270567 -1.89846e-65 -2.84693e-65      3.06894     0.415649     0.316783     0.270567 
   -1.47913    0.429649    0.272708 -0.00938211 -0.00702256     3.10212     0.40562    0.270936    0.287736 
  -1.47653   0.427032     0.2734 -0.0108595 -0.0119881    3.10379   0.407373   0.260562     0.2973 
  -1.48307   0.420295   0.272115 -0.0168648 -0.0034989    3.11971   0.412029   0.251038   0.294725 
    -1.48483      0.41869     0.271224   -0.0180841 -0.000308712      3.12336     0.413702       0.2494      0.28763 
  -1.48622   0.418039   0.270743 -0.0184062 0.00184375    3.12551   0.403837   0.238489   0.290112 
  -1.48611   0.418126   0.270718 -0.0183186 0.00178697    3.12527   0.404241   0.240003   0.288299 
  -1.48615    0.41797   0.270798 -0.0185633 0.00170759    3.12551   0.411993   0.243333   0.289041 
  -1.48603   0.418052   0.270842  -0.018502 0.00151676     3.1253   0.410703   0.238621   0.288233 
  -1.48601    0.41804   0.270866 -0.0185341 0.00146755     3.1253   0.408681   0.236987   0.289424 
  -1.48601   0.418046   0.270869 -0.0185297  0.0014554    3.12529   0.410518   0.234891   0.289342 
    -1.486    0.41805   0.270873 -0.0185276 0.00143974    3.12527   0.408997   0.239358   0.289278 
  -1.48601   0.418046   0.270868 -0.0185291 0.00145674    3.12529   0.411122   0.243168   0.291714 
  -1.48601   0.418048   0.270867 -0.0185262 0.00145773    3.12529   0.408371   0.244678   0.291627 
  -1.48601   0.418049   0.270866 -0.0185232 0.00145954    3.12528   0.412816     0.2464    0.28387 
  -1.48601   0.418049   0.270866 -0.0185241 0.00145891    3.12528   0.419813    0.24966   0.282143 
  -1.48601   0.418049   0.270866 -0.0185243 0.00145821    3.12528   0.410931   0.249932   0.280568 
  -1.48601   0.418049   0.270866  -0.018524 0.00145821    3.12528   0.394125   0.246608   0.281149 
  -1.48601   0.418049   0.270866 -0.0185241 0.00145787    3.12528    0.37919   0.244426   0.282099 
  -1.48601   0.418049   0.270866  -0.018524 0.00145805    3.12528   0.369868   0.242851   0.282141 
  -1.48601   0.418049   0.270866 -0.0185242 0.00145793    3.12528   0.369868   0.242851   0.282141 
  -1.48601   0.418049   0.270866 -0.0185241 0.00145801    3.12528   0.369868   0.242851   0.282141 
  -1.48601   0.418049   0.270866 -0.0185241 0.00145801    3.12528   0.369868   0.242851   0.282141 
  -1.48601   0.418049   0.270866 -0.0185241 0.00145801    3.12528   0.369868   0.242851   0.282141 
  -1.48601   0.418049   0.270866 -0.0185242 0.00145793    3.12528   0.373987   0.243707   0.283524 
  -1.48601   0.418049   0.270866 -0.0185241 0.00145797    3.12528   0.377929   0.243328   0.283883 
  -1.48601   0.418049   0.270866 -0.0185242 0.00145796    3.12528   0.377805   0.242595   0.285241 
  -1.48601   0.418049   0.270866 -0.0185243 0.00145789    3.12528   0.380107   0.244144   0.285941 
  -1.48601   0.418049   0.270866 -0.0185242 0.00145803    3.12528   0.380892   0.242694    0.28629 
  -1.48601   0.418049   0.270866 -0.0185242 0.00145818    3.12528   0.383553   0.242235    0.28717 
  -1.48601   0.418049   0.270866 -0.0185241 0.00145789    3.12528     0.3839   0.241173   0.286437 
  -1.48601   0.418049   0.270866 -0.0185241 0.00145795    3.12528   0.384884   0.241921   0.285558 
  -1.48601   0.418049   0.270866 -0.0185241 0.00145784    3.12528   0.384278   0.240306    0.28329 
  -1.48601   0.418049   0.270866 -0.0185241 0.00145807    3.12528   0.384278   0.240306    0.28329 
  -1.48601   0.418049   0.270866 -0.0185243 0.00145815    3.12528   0.386301   0.239941   0.283538 
  -1.48601   0.418049   0.270866 -0.0185241 0.00145806    3.12528   0.386301   0.239941   0.283538 
  -1.48601   0.418049   0.270866 -0.0185241 0.00145813    3.12528   0.388054   0.241902   0.283648 
  -1.48601   0.418049   0.270867 -0.0185243 0.00145818    3.12528   0.389682   0.241505   0.283203 
  -1.48601   0.418049   0.270866 -0.0185241 0.00145819    3.12528   0.389641   0.240541   0.284033 
  -1.48601   0.418049   0.270866 -0.0185244  0.0014582    3.12528   0.391272    0.24642   0.282172 
 -1.48601  0.418049  0.270866 -0.018524 0.0014579   3.12528  0.392016  0.247301  0.281866 
  -1.48601   0.418049   0.270866 -0.0185239 0.00145804    3.12528   0.391358   0.247606   0.281945 
  -1.48601   0.418049   0.270866 -0.0185243 0.00145782    3.12528   0.391177   0.247038   0.281858 
  -1.48601   0.418049   0.270866 -0.0185243 0.00145825    3.12528   0.388767   0.246073   0.282306 
  -1.48601   0.418049   0.270866 -0.0185241 0.00145786    3.12528   0.388811   0.246558   0.281358 
  -1.48601   0.418049   0.270866 -0.0185239  0.0014581    3.12528   0.390556   0.246205   0.279125 
  -1.48601   0.418049   0.270866 -0.0185241 0.00145801    3.12528    0.38643   0.248169   0.281291 
  -1.48601   0.418049   0.270866  -0.018524 0.00145781    3.12528    0.38929   0.249645   0.279075 
  -1.48601   0.418049   0.270867 -0.0185242 0.00145817    3.12528   0.386222   0.248152   0.278157 
  -1.48601   0.418049   0.270866  -0.018524 0.00145786    3.12528   0.383861   0.246814   0.277468 
  -1.48601   0.418049   0.270867 -0.0185239   0.001458    3.12528   0.382524   0.246708   0.276521 
  -1.48601   0.418049   0.270866 -0.0185241 0.00145779    3.12528   0.379032   0.245052     0.2765 
  -1.48601   0.418049   0.270866  -0.018524 0.00145794    3.12528   0.377609   0.243872    0.27577 
  -1.48601   0.418049   0.270866  -0.018524 0.00145794    3.12528   0.377609   0.243872    0.27577 
  -1.48601   0.418049   0.270867 -0.0185241 0.00145821    3.12528   0.376778   0.242434   0.275065 
  -1.48601   0.418049   0.270867 -0.0185241 0.00145792    3.12528   0.375566   0.241154    0.27463 
  -1.48601   0.418049   0.270866  -0.018524 0.00145826    3.12528   0.373834   0.239463    0.27436 
  -1.48601   0.418049   0.270867 -0.0185244 0.00145816    3.12528   0.372477   0.237783   0.274595 
