71.4826	45.7133	61.2433	0.204645
288.998	21.7822	286.734	0.506983
294.613	0.609445	300.082	84.247
311.531	61.7301	301.728	0.448583
306.291	0.516994	315.239	55.6876
338.963	0.290573	341.393	24.5485
502.903	0.646179	507.336	47.0697
241.24	22.851	233.238	4.88152
500.124	22.1219	497.631	4.44463
154.236	5.36293	139.879	12.9664
493.341	5.59715	500.475	60.8059
173.222	8.97251	154.291	11.1404
493.352	29.3366	489.537	6.8475
568.125	6.87139	638.36	16.3871
49.9671	7.99472	59.0284	49.1762
340.538	18.7531	406.883	9.43096
454.862	17.3084	414.269	11.3465
463.777	54.3224	467.845	8.10034
471.125	8.04885	466.411	54.4549
469.873	53.1859	475.407	7.94546
76.3284	9.28318	78.798	28.2003
462.791	9.36373	461.315	53.1061
413.771	10.6488	412.619	41.9024
485.114	10.9301	489.465	36.0426
638.235	21.1282	569.319	11.0071
226.965	15.8777	204.312	13.8232
520.146	26.4379	525.951	12.0061
407.044	14.4774	341.811	22.6095
409.069	28.1376	408.451	13.1116
554.755	13.2679	549.039	28.4686
200.628	19.3158	179.427	18.2996
478.459	44.4209	482.571	14.4706
13.5296	15.542	18.2107	38.3638
479.521	15.4555	473.725	53.2171
339.281	27.2289	406.828	20.176
554.121	21.4151	638.586	31.9133
174.457	21.7705	148.163	23.659
457.621	53.1925	456.509	24.2929
108.354	28.4184	96.5114	37.659
401.99	29.6196	335.65	34.7042
407.411	44.4492	409.691	27.9955
187.657	36.8563	204.395	30.6795
638.785	43.829	554.716	30.9071
134.401	39.5083	154.36	35.5496
295.176	94.3225	291.337	35.6602
135.309	47.9333	184.175	37.2154
552.833	36.7918	543.524	69.4886
89.4388	48.4475	127.68	40.8772
161.86	39.3048	134.303	45.2954
414.315	41.9584	428.095	51.9162
80.8017	44.8855	66.5906	49.8031
130.496	46.2535	66.8862	59.4288
289.305	46.7926	290.8	68.2001
67.8756	53.1658	89.2478	48.7582
59.3778	64.3879	132.009	48.7478
365.658	63.2305	407.972	50.1305
184.225	51.2759	199.291	54.7401
425.62	53.4791	441.876	53.394
134.821	53.6184	94.8743	63.8285
262.199	69.4344	265.384	52.0601
541.194	51.3663	529.969	66.3844
441.849	54.6289	459.418	56.4578
20.6035	59.1704	36.8062	57.4696
404.979	57.3109	381.924	64.5301
103.886	67.6898	136.537	58.2119
65.6915	59.6534	47.1062	64.0927
201.421	59.2438	193.751	85.8057
133.282	83.2629	130.758	63.2659
578.967	64.6389	593.893	68.6626
27.2206	65.8404	7.15733	70.5721
375.21	66.8244	296.858	91.8232
509.342	65.7956	531.733	70.1134
129.05	67.1055	66.5354	87.0613
291.482	68.2588	256.423	80.5905
313.092	68.9389	334.408	69.8018
335.591	70.3196	351.917	68.4976
436.939	73.3363	455.655	73.1082
0.391971	75.8182	24.6178	70.4762
24.8652	69.9643	48.2454	149.706
252.297	70.9969	242.35	82.2935
361.812	76.6738	376.197	72.1959
465.469	73.9768	481.856	76.9769
85.6931	73.5308	66.8446	76.6939
527.797	85.2816	540.567	73.0647
549.123	75.5268	565.675	79.1476
194.397	77.1203	175.573	78.7877
522.378	98.7061	547.19	77.2391
485.852	78.1587	503.214	81.3993
24.4521	80.9304	0.345685	87.0191
138.011	81.9265	166.857	79.1832
506.408	81.3824	523.203	85.2902
366.86	82.2464	351.834	81.6337
556.145	79.7762	552.413	99.4768
557.999	104.326	567.154	80.7331
486.965	82.0055	460.393	100.287
349.162	88.629	368.149	83.2081
569.12	82.8844	566.104	101.752
600.66	83.7795	585.637	84.5926
240.677	85.778	150.408	116.232
292.107	84.9206	275.647	91.9265
468.171	88.2194	443.56	100.264
540.035	88.9594	522.578	102.764
15.7031	90.9434	0.686219	94.6247
319.568	91.1767	302.032	97.3229
602.767	109.158	613.422	91.5614
613.026	94.6157	628.005	93.1503
418.46	95.3208	375.979	110.375
73.3886	115.106	128.046	95.4065
366.596	121.129	428.116	98.1022
133.768	118.508	129.357	97.1367
429.005	177.92	522.059	99.5937
429.652	101.342	379.416	120.732
628.088	115.025	635.518	101.149
315.902	110.004	300.024	102.92
521.905	102.654	515.629	118.894
356.856	113.07	379.247	105.258
473.479	106.463	458.508	112.782
520.247	112.401	534.125	105.147
536.839	106.827	521.798	118.022
304.794	107.737	294.367	130.037
98.1275	109.382	74.3087	117.941
376.13	110.884	338.993	123.236
321.596	112.276	344.953	128.546
611.818	114.655	628.154	117.982
421.282	115.49	427.269	144.551
536.829	116.818	522.966	127.927
346.586	128.625	366.267	121.04
378.571	119.919	340.776	135.452
133.996	121.982	80.3415	139.77
338.132	128.255	321.87	128.336
436.979	144.376	437.236	123.114
509.473	127.76	600.871	152.207
290.143	144.461	321.679	131.402
404.148	134.337	398.881	165.752
606.597	177.56	636.971	134.443
537.204	158.717	492.203	136.22
341.557	138.862	328.267	147.105
486.23	140.692	550.942	173.754
330.611	151.853	344.508	143.343
316.858	144.344	298.162	154.443
308.23	153.295	323.904	143.613
270.879	157.282	287.625	146.827
426.515	145.583	427.626	169.281
324.303	149.257	310.947	157.403
403.498	195.637	404.966	150.604
314.488	162.044	328.028	152.981
34.0365	156.318	299.76	286.087
283.367	166.07	298.101	158.08
552.794	169.867	537.254	159.42
485.829	158.693	503.265	163.905
593.747	175.197	604.874	158.864
231.841	261.943	35.9442	163.738
399.162	166.042	394.667	190.678
499.911	165.769	490.559	200.607
536.748	187.083	502.365	166.073
43.8484	169.149	52.58	197.046
357.861	168.962	343.234	178.296
259.306	177.996	273.134	170.642
582.2	171.087	566.879	181.881
255.881	192.328	286.528	175.01
405.932	197.512	429.044	178.444
574.343	200.989	588.914	179.92
341.418	179.915	314.02	197.574
289.457	190.792	308.017	181.656
544.609	181.313	558.986	187.31
320.537	201.745	339.179	189.087
393.213	189.897	353.817	213.052
467.055	205.443	453.869	192.386
473.355	197.279	458.12	193.142
299.547	284.582	404.703	197.017
512.892	213.663	474.8	197.145
0.176193	218.298	46.0616	199.172
81.8411	198.706	55.6581	200.03
53.5672	199.241	65.4047	238.192
91.7223	223.489	85.3961	199.11
311.766	199.21	270.391	226.52
290.612	209.353	304.619	201.037
379.027	227.73	410.962	199.589
53.4973	206.552	0	228.538
302.841	212.668	318.141	203.151
433.885	211.994	410.453	203.606
639.518	204.49	604.869	239.859
514.959	213.509	527.645	203.751
587.7	205.068	575.575	214.309
532.831	204.469	497.019	252.297
275.143	207.275	261.523	215.004
460.936	226.294	434.217	212.008
353.506	213.048	327.118	230.339
410.67	214.285	492.22	254.915
533.455	220.835	547.888	215.036
575.327	215.158	537.563	239.205
483.177	238.164	496.155	221.027
492.693	244.944	508.948	221.578
520.591	235.941	531.182	221.371
522.291	239.96	547.151	222.262
534.993	223.803	523.138	236.887
489.371	226.631	471.831	226.945
499.967	225.052	486.607	240.392
268.006	227.955	252.625	238.656
349.902	252.494	377.558	228.926
123.544	344.926	93.1843	230.278
97.4803	231.719	125.273	339.466
496.136	249.868	468.548	231.248
63.4916	240.317	44.3316	235.81
177.507	255.51	173.612	234.06
176.454	236.475	195.489	245.899
505.414	251.757	521.086	237.377
576.262	257.696	603.716	236.386
536.334	238.416	509.054	253.805
438.203	246.487	398.303	238.487
399.532	242.482	427.214	249.237
596.566	245.234	580.33	258.082
354.372	245.622	322.278	273.587
198.112	246.853	180.261	257.516
427.743	247.991	450.561	255.81
422.06	252.869	403.136	250.539
283.914	252.279	261.398	264.545
469.69	265.786	423.006	252.286
318.368	280.897	350.126	252.565
416.306	258.191	463.875	285.573
579.319	258.035	565.445	266.583
558.117	268.112	572.104	259.758
280.937	286.265	232.653	261.546
98.7665	347.056	73.8726	263.274
188.518	267.5	143.311	295.921
197.718	290.87	194.376	268.31
495.853	269.97	514.517	276.467
246.275	270.747	271.53	285.305
389.278	279.603	372.818	272.596
321.752	274.241	297.661	296.37
494.318	273.269	519.364	283.154
358.311	275.198	337.186	312.053
374.245	275.874	389.619	283.908
349.608	297.032	363.582	276.34
542.005	278.211	524.5	304.458
639.092	319.536	542.507	279.619
303.574	312.229	317.049	281.405
271.578	284.592	286.917	305.594
297.389	294.575	281.32	286.706
461.843	311.948	407.474	288.015
204.723	341.829	198.497	294.326
167.926	311.58	189.488	297.042
418.377	296.29	442.5	306.672
340.204	312.873	349.473	297.433
400.629	301.853	420.348	305.771
285.178	304.357	286.105	410.632
489.003	308.817	479.578	320.785
493.843	324.067	487.834	310.035
517.673	310.453	512.054	325.217
247.272	339.344	246.751	311.854
536.945	320.504	522.855	312.341
300.621	476.899	303.785	313.114
452.24	324.726	463.867	312.636
519.089	316.426	534.47	325.159
528.696	329.658	515.048	321.603
58.1315	321.886	35.9041	334.853
512.014	380.682	530.978	334.52
143.624	337.53	121.931	354.058
228.144	358.146	251.194	337.511
396.445	354.294	365.677	342.985
100.627	349.407	124.356	347.838
363.084	346.943	377.623	355.621
531.075	348.314	511.795	394.342
380.495	360.884	358.012	349.6
123.19	351.47	101.778	353.128
426.608	367.53	395.436	354.838
80.3654	374.038	93.0452	364.271
406.378	374.195	384.526	364.05
397.944	366.123	429.961	377.764
469.531	365.277	483.308	371.467
27.7764	368.852	37.3503	385.349
451.937	383.397	434.223	369.57
429.235	378.119	466.038	398.633
481.109	400.379	460.442	384.615
521.665	388.485	515.591	406.046
586.152	421.997	525.322	389.95
17.7658	391.032	32.4008	403.946
456.27	399.504	436.152	390.674
450.612	403.152	428.067	391.992
473.36	407.624	456.136	399.536
500.79	407.639	481.696	401.153
32.968	404.545	47.2495	417.719
474.292	415.783	452.995	404.623
56.9656	429.274	30.5785	405.677
286.212	411.874	286.159	446.876
334.658	425.841	344.958	412.319
496.94	416.294	475.813	413.938
567.68	459.147	586.326	422.843
310.722	456.951	332.02	429.487
85.1864	454.728	59.621	431.603
64.0589	432.227	83.1367	449.362
509.417	432.831	516.761	465.082
285.37	450.82	288.758	476.955
110.624	476.876	88.0322	456.98
558.443	477.046	566.137	462.728
